    2   65    3
 195.080   1.000
   65    1  0.0150  0.0000  0.0000
  0.000000   0.000000   0.000000
  0.000000   0.000000   0.000000
  0.000000   0.000000   0.000000
  0.000000   0.000000   0.000000
  0.000000   0.000000   0.000000
  0.000000   0.000000   0.000000
  0.000000   0.000000   0.000000
  0.000000   0.000000   0.000000
  0.000000   0.000000   0.000000
  0.000000   0.000000   0.000000
  0.000000   0.000000   0.000000
  0.000000   0.000000   0.000000
  0.000000   0.000000   0.000000
  0.000000   0.000000   0.000000
  0.000000   0.000000   0.000000
  0.000000   0.000000   0.000000
  0.000000   0.000000   0.000000
  0.000000   0.000000   0.000000
  0.000000   0.000000   0.000000
  0.000000   0.000000   0.000000
  0.000000   0.000000   0.000000
  0.000000   0.000000   0.000000
  0.000000   0.000000   0.000000
  0.000000   0.000000   0.000000
  0.000000   0.000000   0.000000
  0.000000   0.000000   0.000000
  0.000000   0.000000   0.000000
  0.000000   0.000000   0.000000
  0.000000   0.000000   0.000000
  0.000000   0.000000   0.000000
  0.000000   0.000000   0.000000
  0.000000   0.000000   0.000000
  0.000000   0.000000   0.000000
  0.000000   0.000000   0.000000
  0.000000   0.000000   0.000000
  0.000000   0.000000   0.000000
  0.000000   0.000000   0.000000
  0.000000   0.000000   0.000000
  0.000000   0.000000   0.000000
  0.000000   0.000000   0.000000
  0.000000   0.000000   0.000000
  0.000000   0.000000   0.000000
  0.000000   0.000000   0.000000
  0.000000   0.000000   0.000000
  0.000000   0.000000   0.000000
  0.000000   0.000000   0.000000
  0.000000   0.000000   0.000000
  0.000000   0.000000   0.000000
  0.000000   0.000000   0.000000
  0.000000   0.000000   0.000000
  0.000000   0.000000   0.000000
  0.000000   0.000000   0.000000
  0.000000   0.000000   0.000000
  0.000000   0.000000   0.000000
  0.000000   0.000000   0.000000
  0.000000   0.000000   0.000000
  0.000000   0.000000   0.000000
  0.000000   0.000000   0.000000
  0.000000   0.000000   0.000000
  0.000000   0.000000   0.000000
  0.000000   0.000000   0.000000
  0.000000   0.000000   0.000000
  0.000000   0.000000   0.000000
  0.000000   0.000000   0.000000
 -0.006607   0.000004  -0.000607
   65    2  0.0000  0.0150  0.0000
  0.000000   0.000000   0.000000
  0.000000   0.000000   0.000000
  0.000000   0.000000   0.000000
  0.000000   0.000000   0.000000
  0.000000   0.000000   0.000000
  0.000000   0.000000   0.000000
  0.000000   0.000000   0.000000
  0.000000   0.000000   0.000000
  0.000000   0.000000   0.000000
  0.000000   0.000000   0.000000
  0.000000   0.000000   0.000000
  0.000000   0.000000   0.000000
  0.000000   0.000000   0.000000
  0.000000   0.000000   0.000000
  0.000000   0.000000   0.000000
  0.000000   0.000000   0.000000
  0.000000   0.000000   0.000000
  0.000000   0.000000   0.000000
  0.000000   0.000000   0.000000
  0.000000   0.000000   0.000000
  0.000000   0.000000   0.000000
  0.000000   0.000000   0.000000
  0.000000   0.000000   0.000000
  0.000000   0.000000   0.000000
  0.000000   0.000000   0.000000
  0.000000   0.000000   0.000000
  0.000000   0.000000   0.000000
  0.000000   0.000000   0.000000
  0.000000   0.000000   0.000000
  0.000000   0.000000   0.000000
  0.000000   0.000000   0.000000
  0.000000   0.000000   0.000000
  0.000000   0.000000   0.000000
  0.000000   0.000000   0.000000
  0.000000   0.000000   0.000000
  0.000000   0.000000   0.000000
  0.000000   0.000000   0.000000
  0.000000   0.000000   0.000000
  0.000000   0.000000   0.000000
  0.000000   0.000000   0.000000
  0.000000   0.000000   0.000000
  0.000000   0.000000   0.000000
  0.000000   0.000000   0.000000
  0.000000   0.000000   0.000000
  0.000000   0.000000   0.000000
  0.000000   0.000000   0.000000
  0.000000   0.000000   0.000000
  0.000000   0.000000   0.000000
  0.000000   0.000000   0.000000
  0.000000   0.000000   0.000000
  0.000000   0.000000   0.000000
  0.000000   0.000000   0.000000
  0.000000   0.000000   0.000000
  0.000000   0.000000   0.000000
  0.000000   0.000000   0.000000
  0.000000   0.000000   0.000000
  0.000000   0.000000   0.000000
  0.000000   0.000000   0.000000
  0.000000   0.000000   0.000000
  0.000000   0.000000   0.000000
  0.000000   0.000000   0.000000
  0.000000   0.000000   0.000000
  0.000000   0.000000   0.000000
  0.000000   0.000000   0.000000
 -0.000253  -0.006834   0.001979
   65    3  0.0000  0.0000  0.0150
  0.000000   0.000000   0.000000
  0.000000   0.000000   0.000000
  0.000000   0.000000   0.000000
  0.000000   0.000000   0.000000
  0.000000   0.000000   0.000000
  0.000000   0.000000   0.000000
  0.000000   0.000000   0.000000
  0.000000   0.000000   0.000000
  0.000000   0.000000   0.000000
  0.000000   0.000000   0.000000
  0.000000   0.000000   0.000000
  0.000000   0.000000   0.000000
  0.000000   0.000000   0.000000
  0.000000   0.000000   0.000000
  0.000000   0.000000   0.000000
  0.000000   0.000000   0.000000
  0.000000   0.000000   0.000000
  0.000000   0.000000   0.000000
  0.000000   0.000000   0.000000
  0.000000   0.000000   0.000000
  0.000000   0.000000   0.000000
  0.000000   0.000000   0.000000
  0.000000   0.000000   0.000000
  0.000000   0.000000   0.000000
  0.000000   0.000000   0.000000
  0.000000   0.000000   0.000000
  0.000000   0.000000   0.000000
  0.000000   0.000000   0.000000
  0.000000   0.000000   0.000000
  0.000000   0.000000   0.000000
  0.000000   0.000000   0.000000
  0.000000   0.000000   0.000000
  0.000000   0.000000   0.000000
  0.000000   0.000000   0.000000
  0.000000   0.000000   0.000000
  0.000000   0.000000   0.000000
  0.000000   0.000000   0.000000
  0.000000   0.000000   0.000000
  0.000000   0.000000   0.000000
  0.000000   0.000000   0.000000
  0.000000   0.000000   0.000000
  0.000000   0.000000   0.000000
  0.000000   0.000000   0.000000
  0.000000   0.000000   0.000000
  0.000000   0.000000   0.000000
  0.000000   0.000000   0.000000
  0.000000   0.000000   0.000000
  0.000000   0.000000   0.000000
  0.000000   0.000000   0.000000
  0.000000   0.000000   0.000000
  0.000000   0.000000   0.000000
  0.000000   0.000000   0.000000
  0.000000   0.000000   0.000000
  0.000000   0.000000   0.000000
  0.000000   0.000000   0.000000
  0.000000   0.000000   0.000000
  0.000000   0.000000   0.000000
  0.000000   0.000000   0.000000
  0.000000   0.000000   0.000000
  0.000000   0.000000   0.000000
  0.000000   0.000000   0.000000
  0.000000   0.000000   0.000000
  0.000000   0.000000   0.000000
  0.000000   0.000000   0.000000
 -0.000479   0.001455  -0.281484
