    2    2    6
  16.000  12.011
    1    1  0.0150  0.0000  0.0000
 -0.242605  -0.004298  -0.599843
  0.242605   0.004298   0.599843
    1    2  0.0000  0.0150  0.0000
 -0.005475  -0.001648  -0.012745
  0.005475   0.001648   0.012745
    1    3  0.0000  0.0000  0.0150
 -0.592298  -0.009589  -1.458496
  0.592298   0.009589   1.458496
    2    1  0.0150  0.0000  0.0000
  0.236472   0.005115   0.593323
 -0.236472  -0.005115  -0.593323
    2    2  0.0000  0.0150  0.0000
  0.004504  -0.001414   0.010199
 -0.004504   0.001414  -0.010199
    2    3  0.0000  0.0000  0.0150
  0.594550   0.009583   1.461961
 -0.594550  -0.009583  -1.461961
