    1    2    6
   1.000
    1    1  0.0150  0.0000  0.0000
 -0.000901   0.000299  -0.000126
  0.000901  -0.000299   0.000126
    1    2  0.0000  0.0150  0.0000
  0.000228  -0.000686  -0.000136
 -0.000228   0.000686   0.000136
    1    3  0.0000  0.0000  0.0150
 -0.000214  -0.000324  -0.512145
  0.000214   0.000324   0.512145
    2    1  0.0150  0.0000  0.0000
  0.000740  -0.000290  -0.000368
 -0.000740   0.000290   0.000368
    2    2  0.0000  0.0150  0.0000
 -0.000085   0.000864   0.000338
  0.000085  -0.000864  -0.000338
    2    3  0.0000  0.0000  0.0150
 -0.000036   0.000366   0.511325
  0.000036  -0.000366  -0.511325
