-11.23540000   0.00000000  -0.00000000   0.00000000  -0.00000000 
-11.14040000   0.00000000  -0.00000000   0.00000000  -0.00000000 
-11.04540000   0.00000000  -0.00000000   0.00000000  -0.00000000 
-10.94940000   0.00000000  -0.00000000   0.00000000  -0.00000000 
-10.85440000   0.00000000  -0.00000000   0.00000000  -0.00000000 
-10.75940000   0.00000000  -0.00000000   0.00000000  -0.00000000 
-10.66440000   0.00000000  -0.00000000   0.00000000  -0.00000000 
-10.56940000   0.00000000  -0.00000000   0.00000000  -0.00000000 
-10.47340000   0.00000000  -0.00000000   0.00000000  -0.00000000 
-10.37840000  -0.00000000   0.00000000  -0.00000000   0.00000000 
-10.28340000  -0.00000000   0.00000000  -0.00000000   0.00000000 
-10.18840000  -0.00000000   0.00000000  -0.00000000   0.00000000 
-10.09340000  -0.00000148   0.00000007  -0.00000014   0.00000001 
 -9.99740000  -0.00108400   0.00058790  -0.00010330   0.00005598 
 -9.90240000   0.03040000  -0.02143000   0.00279100  -0.00198400 
 -9.80740000   0.00126200  -0.00994300   0.00291100  -0.00293000 
 -9.71240000   0.00080630   0.00653800   0.00298700  -0.00230800 
 -9.61740000   0.18880000  -0.17600000   0.02096000  -0.01907000 
 -9.52140000  -0.00751100  -0.01407000   0.02025000  -0.02041000 
 -9.42640000   0.11020000  -0.01155000   0.03073000  -0.02151000 
 -9.33140000   0.26660000  -0.36890000   0.05611000  -0.05662000 
 -9.23640000  -0.01601000   0.01646000   0.05459000  -0.05505000 
 -9.14140000   0.23310000  -0.14860000   0.07679000  -0.06920000 
 -9.04540000   0.02052000  -0.10190000   0.07874000  -0.07890000 
 -8.95040000  -0.00060920   0.00809600   0.07868000  -0.07812000 
 -8.85540000   0.18960000  -0.17270000   0.09673000  -0.09457000 
 -8.76040000  -0.02064000  -0.01393000   0.09476000  -0.09589000 
 -8.66440000   0.53400000  -0.22510000   0.14560000  -0.11730000 
 -8.56940000   0.21140000  -0.52680000   0.16570000  -0.16750000 
 -8.47440000   0.37860000  -0.07644000   0.20180000  -0.17480000 
 -8.37940000   0.36870000  -0.66850000   0.23690000  -0.23840000 
 -8.28440000  -0.00767200   0.02359000   0.23620000  -0.23620000 
 -8.18840000  -0.00000385   0.00001211   0.23620000  -0.23620000 
 -8.09340000  -0.01055000   0.00278400   0.23510000  -0.23590000 
 -7.99840000   0.30620000  -0.15090000   0.26430000  -0.25030000 
 -7.90340000   0.45930000  -0.28430000   0.30800000  -0.27730000 
 -7.80840000   0.42600000  -0.70200000   0.34860000  -0.34410000 
 -7.71240000   0.10510000  -0.15810000   0.35860000  -0.35920000 
 -7.61740000   0.20100000   0.01896000   0.37770000  -0.35740000 
 -7.52240000   0.77870000  -0.93990000   0.45190000  -0.44690000 
 -7.42740000   0.71490000  -0.46800000   0.51990000  -0.49140000 
 -7.33240000   0.02094000  -0.32600000   0.52190000  -0.52250000 
 -7.23640000  -0.00118000   0.00627900   0.52180000  -0.52190000 
 -7.14140000  -0.03179000   0.02742000   0.51880000  -0.51930000 
 -7.04640000   2.99800000  -1.29500000   0.80420000  -0.64250000 
 -6.95140000   0.89790000  -1.94000000   0.88970000  -0.82720000 
 -6.85640000   0.86900000  -0.95830000   0.97240000  -0.91850000 
 -6.76040000   0.28930000  -0.65150000   1.00000000  -0.98050000 
 -6.66540000   0.29240000  -0.16700000   1.02800000  -0.99640000 
 -6.57040000   3.77600000  -0.85170000   1.38700000  -1.07700000 
 -6.47540000   2.69700000  -3.82800000   1.64400000  -1.44200000 
 -6.38040000   1.28600000  -2.13200000   1.76600000  -1.64500000 
 -6.28440000   2.44800000  -1.43400000   1.99900000  -1.78100000 
 -6.18940000   0.97730000  -2.53200000   2.09200000  -2.02200000 
 -6.09440000   4.21600000  -0.67840000   2.49400000  -2.08700000 
 -5.99940000   4.97300000  -4.68200000   2.96700000  -2.53300000 
 -5.90440000   2.70100000  -4.21800000   3.22400000  -2.93400000 
 -5.80840000   2.19100000  -2.63600000   3.43300000  -3.18500000 
 -5.71340000   0.81190000  -2.46400000   3.51000000  -3.42000000 
 -5.61840000   2.21100000  -0.89070000   3.72100000  -3.50500000 
 -5.52340000   3.98700000  -1.78500000   4.10000000  -3.67500000 
 -5.42840000   3.78500000  -4.26200000   4.46100000  -4.08000000 
 -5.33240000   3.60600000  -2.63700000   4.80400000  -4.33100000 
 -5.23740000  -0.10400000  -4.91600000   4.79400000  -4.79900000 
 -5.14240000   0.66680000   0.05943000   4.85800000  -4.79400000 
 -5.04740000   2.80600000  -0.60180000   5.12500000  -4.85100000 
 -4.95240000   2.16100000  -2.39500000   5.33000000  -5.07900000 
 -4.85640000   2.72800000  -2.11800000   5.59000000  -5.28100000 
 -4.76140000   2.83500000  -2.96500000   5.86000000  -5.56300000 
 -4.66640000   4.53500000  -1.78800000   6.29200000  -5.73300000 
 -4.57140000   3.21700000  -5.08900000   6.59800000  -6.21800000 
 -4.47640000   1.22700000  -3.86500000   6.71500000  -6.58600000 
 -4.38040000   1.62800000  -0.45450000   6.87000000  -6.62900000 
 -4.28540000   3.08100000  -2.15100000   7.16300000  -6.83400000 
 -4.19040000   3.86200000  -2.46100000   7.53100000  -7.06800000 
 -4.09540000   1.47900000  -3.79700000   7.67200000  -7.42900000 
 -4.00040000   2.90600000  -2.05600000   7.94800000  -7.62500000 
 -3.90440000   6.73100000  -2.58300000   8.58900000  -7.87100000 
 -3.80940000   2.95600000  -6.23300000   8.87000000  -8.46400000 
 -3.71440000   2.18400000  -3.96300000   9.07800000  -8.84200000 
 -3.61940000   4.75300000  -1.16800000   9.53100000  -8.95300000 
 -3.52440000   5.74400000  -4.70500000  10.08000000  -9.40100000 
 -3.42840000   3.14900000  -5.21300000  10.38000000  -9.89700000 
 -3.33340000   3.74700000  -4.47500000  10.73000000 -10.32000000 
 -3.23840000   4.80200000  -1.65500000  11.19000000 -10.48000000 
 -3.14340000   3.68900000  -5.47100000  11.54000000 -11.00000000 
 -3.04840000   2.68000000  -4.49500000  11.80000000 -11.43000000 
 -2.95240000   3.27200000  -2.80200000  12.11000000 -11.70000000 
 -2.85740000   2.63200000  -3.34600000  12.36000000 -12.01000000 
 -2.76240000   2.86500000  -2.41700000  12.63000000 -12.24000000 
 -2.66740000   2.20900000  -2.31700000  12.84000000 -12.47000000 
 -2.57240000   2.88200000  -4.36600000  13.12000000 -12.88000000 
 -2.47640000   3.96900000  -1.04400000  13.50000000 -12.98000000 
 -2.38140000   1.38200000  -4.32300000  13.63000000 -13.39000000 
 -2.28640000   3.64100000  -1.88900000  13.97000000 -13.57000000 
 -2.19140000   3.60900000  -1.94400000  14.32000000 -13.76000000 
 -2.09640000   0.14680000  -4.03500000  14.33000000 -14.14000000 
 -2.00040000   1.52300000  -2.02700000  14.48000000 -14.33000000 
 -1.90540000   4.88000000  -0.19030000  14.94000000 -14.35000000 
 -1.81040000   3.48200000  -2.41400000  15.27000000 -14.58000000 
 -1.71540000   1.81900000  -5.55200000  15.45000000 -15.11000000 
 -1.62040000   3.55300000  -2.33900000  15.78000000 -15.33000000 
 -1.52440000   4.31600000  -2.12800000  16.19000000 -15.54000000 
 -1.42940000   1.89800000  -5.06000000  16.38000000 -16.02000000 
 -1.33440000   2.61200000  -2.36100000  16.62000000 -16.24000000 
 -1.23940000   2.15000000  -3.10100000  16.83000000 -16.54000000 
 -1.14440000   0.71530000  -1.17900000  16.90000000 -16.65000000 
 -1.04840000   1.74000000  -2.32400000  17.06000000 -16.87000000 
 -0.95340000   2.94600000  -0.56560000  17.34000000 -16.92000000 
 -0.85840000   2.03600000  -2.34500000  17.54000000 -17.15000000 
 -0.76340000   4.89000000  -2.73000000  18.00000000 -17.41000000 
 -0.66840000   2.66400000  -2.46400000  18.26000000 -17.64000000 
 -0.57240000   1.46900000  -5.21700000  18.40000000 -18.14000000 
 -0.47740000   0.35530000  -1.82500000  18.43000000 -18.31000000 
 -0.38240000   6.50900000  -0.96040000  19.05000000 -18.40000000 
 -0.28740000   3.15600000  -1.37800000  19.35000000 -18.54000000 
 -0.19240000   2.94600000  -6.28200000  19.63000000 -19.13000000 
 -0.09640000   3.98300000  -2.70400000  20.01000000 -19.39000000 
 -0.00140000   2.47300000  -3.64900000  20.24000000 -19.74000000 
  0.09360000   5.64700000  -3.21200000  20.78000000 -20.04000000 
  0.18860000   1.38600000  -3.65900000  20.91000000 -20.39000000 
  0.28360000   0.34050000  -4.07200000  20.95000000 -20.78000000 
  0.37960000   0.69920000  -1.78400000  21.01000000 -20.95000000 
  0.47460000   0.54470000   0.05968000  21.06000000 -20.94000000 
  0.56960000   2.53000000  -1.13200000  21.31000000 -21.05000000 
  0.66460000   2.07400000  -0.72410000  21.50000000 -21.12000000 
  0.75960000   0.42070000  -3.38400000  21.54000000 -21.44000000 
  0.85560000  -0.03297000  -0.98160000  21.54000000 -21.54000000 
  0.95060000   0.75350000  -0.04354000  21.61000000 -21.54000000 
  1.04560000   0.28030000  -0.60140000  21.64000000 -21.60000000 
  1.14060000   0.46990000  -0.37290000  21.68000000 -21.63000000 
  1.23560000  -0.01188000  -0.52890000  21.68000000 -21.68000000 
  1.33160000  -0.00548600   0.01503000  21.68000000 -21.68000000 
  1.42660000   0.37170000   0.00062030  21.72000000 -21.68000000 
  1.52160000   1.13800000  -0.01126000  21.83000000 -21.68000000 
  1.61660000  -0.08792000  -1.50700000  21.82000000 -21.83000000 
  1.71160000   1.56300000   0.05819000  21.97000000 -21.82000000 
  1.80760000   0.75540000  -0.58670000  22.04000000 -21.88000000 
  1.90260000   0.28070000  -1.65100000  22.06000000 -22.03000000 
  1.99760000   0.47120000  -0.07275000  22.11000000 -22.04000000 
  2.09260000   1.01900000  -0.72840000  22.21000000 -22.11000000 
  2.18760000   1.23700000  -0.70730000  22.32000000 -22.18000000 
  2.28360000  -0.03558000  -1.55200000  22.32000000 -22.33000000 
  2.37860000  -0.00013510   0.05090000  22.32000000 -22.32000000 
  2.47360000  -0.01681000   0.00025890  22.32000000 -22.32000000 
  2.56860000   0.76310000   0.01411000  22.39000000 -22.32000000 
  2.66360000  -0.03862000  -0.76350000  22.39000000 -22.39000000 
  2.75960000   0.84790000   0.03105000  22.47000000 -22.39000000 
  2.85460000   1.67800000  -0.58010000  22.63000000 -22.44000000 
  2.94960000   0.07435000  -1.92100000  22.64000000 -22.63000000 
  3.04460000   0.08345000  -0.08907000  22.64000000 -22.64000000 
  3.13960000   0.66270000   0.00845200  22.71000000 -22.63000000 
  3.23560000   0.44000000  -0.77900000  22.75000000 -22.71000000 
  3.33060000   1.43500000  -0.35250000  22.89000000 -22.74000000 
  3.42560000  -0.00568200  -1.49300000  22.88000000 -22.88000000 
  3.52060000   1.47800000  -0.10020000  23.03000000 -22.89000000 
  3.61560000  -0.05919000  -1.37400000  23.02000000 -23.03000000 
  3.71160000   0.37290000   0.05865000  23.06000000 -23.02000000 
  3.80660000   0.37780000  -0.41130000  23.09000000 -23.06000000 
  3.90160000  -0.03346000  -0.33960000  23.09000000 -23.09000000 
  3.99660000   0.70260000   0.03270000  23.15000000 -23.09000000 
  4.09160000   0.08476000  -0.72390000  23.16000000 -23.16000000 
  4.18760000   0.54660000  -0.22840000  23.21000000 -23.18000000 
  4.28260000   2.28200000  -0.37840000  23.43000000 -23.21000000 
  4.37760000   0.46070000  -2.46100000  23.48000000 -23.45000000 
  4.47260000  -0.00842400  -0.28160000  23.48000000 -23.48000000 
  4.56860000  -0.00000017   0.00463700  23.48000000 -23.48000000 
  4.66360000  -0.00000000   0.00000005  23.48000000 -23.48000000 
  4.75860000  -0.00000612   0.00000000  23.48000000 -23.48000000 
  4.85360000  -0.02130000   0.00001470  23.47000000 -23.48000000 
  4.94860000   0.68450000   0.02892000  23.54000000 -23.47000000 
  5.04460000   0.45160000  -0.88520000  23.58000000 -23.56000000 
  5.13960000  -0.02508000  -0.25030000  23.58000000 -23.58000000 
  5.23460000   0.32860000  -0.01609000  23.61000000 -23.58000000 
  5.32960000   1.93200000  -0.32790000  23.79000000 -23.61000000 
  5.42460000   0.28410000  -1.92800000  23.82000000 -23.80000000 
  5.52060000   1.59100000  -0.26120000  23.97000000 -23.82000000 
  5.61560000   0.75660000  -1.66200000  24.04000000 -23.98000000 
  5.71060000   2.17400000  -0.75220000  24.25000000 -24.05000000 
  5.80560000  -0.09510000  -1.99600000  24.24000000 -24.24000000 
  5.90060000   0.67230000  -0.04676000  24.31000000 -24.25000000 
  5.99660000   0.08749000  -0.74770000  24.31000000 -24.32000000 
  6.09160000  -0.00117100   0.02465000  24.31000000 -24.31000000 
  6.18660000  -0.00000594   0.00005915  24.31000000 -24.31000000 
  6.28160000  -0.04377000   0.00005531  24.31000000 -24.31000000 
  6.37660000   1.55300000   0.06399000  24.46000000 -24.31000000 
  6.47260000   1.41400000  -1.88900000  24.59000000 -24.49000000 
  6.56760000   0.76840000  -1.73600000  24.67000000 -24.65000000 
  6.66260000  -0.03653000  -0.11520000  24.66000000 -24.66000000 
  6.75760000   0.73410000   0.03193000  24.73000000 -24.66000000 
  6.85260000   1.78200000  -0.92150000  24.90000000 -24.75000000 
  6.94860000   0.32280000  -1.60600000  24.93000000 -24.90000000 
  7.04360000  -0.00214200  -0.32730000  24.93000000 -24.93000000 
  7.13860000  -0.01477000   0.00975800  24.93000000 -24.93000000 
  7.23360000   1.04100000  -0.11270000  25.03000000 -24.94000000 
  7.32860000   1.09100000  -1.66900000  25.13000000 -25.10000000 
  7.42460000   2.21300000  -0.49590000  25.35000000 -25.15000000 
  7.51960000   0.78390000  -2.19500000  25.42000000 -25.36000000 
  7.61460000   0.03172000  -0.68830000  25.42000000 -25.42000000 
  7.70960000  -0.02203000   0.01502000  25.42000000 -25.42000000 
  7.80460000   0.75890000  -0.16810000  25.49000000 -25.44000000 
  7.90060000  -0.00262000  -0.58760000  25.49000000 -25.49000000 
  7.99560000   0.03582000   0.01870000  25.50000000 -25.49000000 
  8.09060000   0.34430000  -0.02075000  25.53000000 -25.49000000 
  8.18560000  -0.01238000  -0.36010000  25.53000000 -25.53000000 
  8.28060000  -0.01661000   0.01300000  25.53000000 -25.53000000 
  8.37660000   0.60450000   0.02699000  25.58000000 -25.53000000 
  8.47160000   0.96370000  -0.88500000  25.68000000 -25.61000000 
  8.56660000   0.97020000  -1.03800000  25.77000000 -25.71000000 
  8.66160000   1.18400000  -0.88270000  25.88000000 -25.79000000 
  8.75660000   1.67500000  -2.03900000  26.04000000 -25.99000000 
  8.85260000   1.37000000  -0.92860000  26.17000000 -26.07000000 
  8.94760000   0.21930000  -1.00600000  26.19000000 -26.17000000 
  9.04260000   0.10530000  -0.33450000  26.20000000 -26.20000000 
  9.13760000   0.02819000   0.02019000  26.20000000 -26.20000000 
  9.23260000   1.32700000  -0.32990000  26.33000000 -26.23000000 
  9.32860000   0.43340000  -1.13900000  26.37000000 -26.34000000 
  9.42360000   0.35060000  -0.54170000  26.40000000 -26.39000000 
  9.51860000   2.08900000  -0.35970000  26.60000000 -26.43000000 
  9.61360000   0.46910000  -2.10400000  26.65000000 -26.63000000 
  9.70860000   0.46140000  -0.39930000  26.69000000 -26.66000000 
  9.80460000  -0.01457000  -0.28550000  26.69000000 -26.69000000 
  9.89960000  -0.02558000   0.00698500  26.69000000 -26.69000000 
  9.99460000   0.74050000  -0.01450000  26.76000000 -26.69000000 
 10.08960000   0.01908000  -0.74340000  26.76000000 -26.76000000 
 10.18460000   0.88820000  -0.14750000  26.85000000 -26.78000000 
 10.28060000   0.30920000  -0.82740000  26.87000000 -26.86000000 
 10.37560000   1.08000000  -0.27080000  26.98000000 -26.88000000 
 10.47060000   2.75800000  -2.29300000  27.24000000 -27.10000000 
 10.56560000   1.03700000  -1.81300000  27.34000000 -27.27000000 
 10.66060000  -0.00814700  -0.71050000  27.34000000 -27.34000000 
 10.75660000  -0.01727000   0.02269000  27.34000000 -27.34000000 
 10.85160000   0.54460000  -0.08682000  27.39000000 -27.35000000 
 10.94660000   1.32000000  -0.99780000  27.51000000 -27.44000000 
 11.04160000   0.24500000  -0.87710000  27.54000000 -27.52000000 
 11.13660000   0.11420000  -0.25260000  27.55000000 -27.55000000 
 11.23260000  -0.01284000   0.01359000  27.55000000 -27.55000000 
 11.32760000   0.81540000  -0.09885000  27.62000000 -27.56000000 
 11.42260000   0.81670000  -1.41800000  27.70000000 -27.69000000 
 11.51760000   0.87590000  -0.22950000  27.79000000 -27.71000000 
 11.61260000   1.06600000  -1.38700000  27.89000000 -27.85000000 
 11.70860000   1.45800000  -1.03800000  28.03000000 -27.94000000 
 11.80360000   1.06500000  -1.22800000  28.13000000 -28.06000000 
 11.89860000   1.30000000  -1.17200000  28.25000000 -28.17000000 
 11.99360000   0.68730000  -1.32900000  28.32000000 -28.30000000 
 12.08860000   1.13400000  -0.59180000  28.42000000 -28.36000000 
 12.18460000   0.91890000  -1.50800000  28.51000000 -28.50000000 
 12.27960000   1.78200000  -0.45580000  28.68000000 -28.54000000 
 12.37460000   1.25700000  -2.41600000  28.80000000 -28.77000000 
 12.46960000   0.65100000  -0.69260000  28.86000000 -28.84000000 
 12.56460000   0.59490000  -0.25960000  28.92000000 -28.86000000 
 12.66060000   0.58530000  -0.72630000  28.98000000 -28.93000000 
 12.75560000   0.36920000  -0.71670000  29.01000000 -29.00000000 
 12.85060000   0.65990000  -0.44610000  29.07000000 -29.04000000 
 12.94560000   0.47820000  -0.62730000  29.12000000 -29.10000000 
 13.04060000   0.04855000  -0.15840000  29.12000000 -29.12000000 
 13.13660000   1.82900000  -0.52190000  29.30000000 -29.17000000 
 13.23160000   2.35000000  -3.02900000  29.52000000 -29.46000000 
 13.32660000   0.18180000  -0.90010000  29.54000000 -29.54000000 
 13.42160000   0.40800000   0.08318000  29.58000000 -29.53000000 
 13.51660000   2.90800000  -1.65200000  29.85000000 -29.69000000 
 13.61260000   1.06100000  -2.51000000  29.96000000 -29.93000000 
 13.70760000   0.41410000  -0.68180000  30.00000000 -30.00000000 
 13.80260000  -0.00999900   0.01130000  29.99000000 -29.99000000 
 13.89760000  -0.01823000   0.00041050  29.99000000 -29.99000000 
 13.99260000   0.93130000   0.06797000  30.08000000 -29.99000000 
 14.08860000   1.87600000  -2.30600000  30.26000000 -30.21000000 
 14.18360000   0.53570000  -0.70610000  30.31000000 -30.27000000 
 14.27860000   0.78210000  -0.71780000  30.39000000 -30.34000000 
 14.37360000   1.01200000  -0.70360000  30.48000000 -30.41000000 
 14.46860000   1.27500000  -1.89400000  30.60000000 -30.59000000 
 14.56460000   1.45300000  -1.33800000  30.74000000 -30.72000000 
 14.65960000   0.59550000  -0.36270000  30.80000000 -30.75000000 
 14.75460000   0.99610000  -0.83730000  30.89000000 -30.83000000 
 14.84960000   0.64850000  -0.64890000  30.95000000 -30.89000000 
 14.94460000   1.54300000  -2.16400000  31.10000000 -31.10000000 
 15.04060000   1.19600000  -0.25660000  31.22000000 -31.12000000 
 15.13560000   3.07400000  -3.37500000  31.51000000 -31.45000000 
 15.23060000   0.13230000  -0.82310000  31.52000000 -31.52000000 
 15.32560000   0.60080000  -0.13390000  31.58000000 -31.54000000 
 15.42060000   0.12720000  -0.59500000  31.59000000 -31.59000000 
 15.51660000   0.71490000  -0.32270000  31.66000000 -31.62000000 
 15.61160000   0.51030000  -0.74990000  31.71000000 -31.70000000 
 15.70660000   2.08700000  -1.05000000  31.90000000 -31.80000000 
 15.80160000   0.76950000  -1.95800000  31.98000000 -31.98000000 
 15.89660000  -0.01587000   0.05059000  31.98000000 -31.98000000 
 15.99260000   0.01067000  -0.01058000  31.98000000 -31.98000000 
 16.08760000   0.24320000  -0.24310000  32.00000000 -32.00000000 
 16.18260000  -0.00866900   0.00867000  32.00000000 -32.00000000 
 16.27760000  -0.00001181   0.00001171  32.00000000 -32.00000000 
 16.37260000  -0.00000000   0.00000000  32.00000000 -32.00000000 
 16.46860000   0.00000000  -0.00000000  32.00000000 -32.00000000 
 16.56360000   0.00000000  -0.00000000  32.00000000 -32.00000000 
 16.65860000   0.00000000  -0.00000000  32.00000000 -32.00000000 
 16.75360000   0.00000000  -0.00000000  32.00000000 -32.00000000 
 16.84860000   0.00000000  -0.00000000  32.00000000 -32.00000000 
 16.94460000   0.00000000  -0.00000000  32.00000000 -32.00000000 
 17.03960000   0.00000000  -0.00000000  32.00000000 -32.00000000 
 17.13460000   0.00000000  -0.00000000  32.00000000 -32.00000000 
 17.22960000   0.00000000  -0.00000000  32.00000000 -32.00000000 
 17.32460000   0.00000000  -0.00000000  32.00000000 -32.00000000 
