-11.23540000   0.00000000  -0.00000000   0.00000000  -0.00000000   0.00000000  -0.00000000 
-11.14040000   0.00000000  -0.00000000   0.00000000  -0.00000000   0.00000000  -0.00000000 
-11.04540000   0.00000000  -0.00000000   0.00000000  -0.00000000   0.00000000  -0.00000000 
-10.94940000   0.00000000  -0.00000000   0.00000000  -0.00000000   0.00000000  -0.00000000 
-10.85440000   0.00000000  -0.00000000   0.00000000  -0.00000000   0.00000000  -0.00000000 
-10.75940000   0.00000000  -0.00000000   0.00000000  -0.00000000   0.00000000  -0.00000000 
-10.66440000   0.00000000  -0.00000000   0.00000000  -0.00000000   0.00000000  -0.00000000 
-10.56940000   0.00000000  -0.00000000   0.00000000  -0.00000000   0.00000000  -0.00000000 
-10.47340000   0.00000000  -0.00000000   0.00000000  -0.00000000   0.00000000  -0.00000000 
-10.37840000  -0.00000000   0.00000000  -0.00000000   0.00000000  -0.00000000   0.00000000 
-10.28340000  -0.00000000   0.00000000  -0.00000000   0.00000000  -0.00000000   0.00000000 
-10.18840000  -0.00000000   0.00000000  -0.00000000   0.00000000  -0.00000000   0.00000000 
-10.09340000  -0.00000024   0.00000001  -0.00000000   0.00000000  -0.00000000   0.00000000 
 -9.99740000  -0.00017830   0.00009655  -0.00000000   0.00000000  -0.00000000   0.00000000 
 -9.90240000   0.00500100  -0.00351900  -0.00000000  -0.00000000  -0.00000000  -0.00000000 
 -9.80740000   0.00020780  -0.00163300  -0.00000024   0.00000002  -0.00000001   0.00000000 
 -9.71240000   0.00013000   0.00105300   0.00000270   0.00002080   0.00000008   0.00000060 
 -9.61740000   0.03045000  -0.02834000   0.00061450  -0.00057410   0.00001825  -0.00001658 
 -9.52140000  -0.00120600  -0.00226500  -0.00002961  -0.00004518  -0.00000168  -0.00000120 
 -9.42640000   0.01740000  -0.00182100   0.00068760  -0.00007289   0.00007119  -0.00000735 
 -9.33140000   0.04212000  -0.05817000   0.00166400  -0.00230800   0.00017220  -0.00023130 
 -9.23640000  -0.00250000   0.00258300  -0.00012160   0.00011220  -0.00002248   0.00001529 
 -9.14140000   0.03601000  -0.02291000   0.00205300  -0.00131300   0.00048610  -0.00029920 
 -9.04540000   0.00316900  -0.01571000   0.00018050  -0.00090030   0.00004279  -0.00020510 
 -8.95040000  -0.00009294   0.00122600  -0.00000650   0.00009350  -0.00000122   0.00001541 
 -8.85540000   0.02861000  -0.02601000   0.00233900  -0.00213600   0.00036600  -0.00032300 
 -8.76040000  -0.00306300  -0.00211100  -0.00028860  -0.00016430  -0.00006672  -0.00001995 
 -8.66440000   0.07875000  -0.03314000   0.00778000  -0.00329100   0.00197500  -0.00080690 
 -8.56940000   0.03121000  -0.07756000   0.00306900  -0.00769900   0.00074730  -0.00188300 
 -8.47440000   0.05421000  -0.01087000   0.00600300  -0.00123800   0.00301200  -0.00064310 
 -8.37940000   0.05280000  -0.09562000   0.00584100  -0.01065000   0.00291900  -0.00509800 
 -8.28440000  -0.00109900   0.00337400  -0.00012150   0.00037590  -0.00006074   0.00017990 
 -8.18840000  -0.00000053   0.00000173  -0.00000008   0.00000019  -0.00000004   0.00000009 
 -8.09340000  -0.00144100   0.00037980  -0.00021820   0.00005791  -0.00010950   0.00002798 
 -7.99840000   0.04188000  -0.02060000   0.00634800  -0.00314100   0.00307600  -0.00150700 
 -7.90340000   0.06000000  -0.03838000   0.00882900  -0.00581700   0.00946900  -0.00354100 
 -7.80840000   0.05520000  -0.09108000   0.00843400  -0.01353000   0.00893600  -0.01501000 
 -7.71240000   0.01358000  -0.02042000   0.00251900  -0.00388400   0.00146700  -0.00202800 
 -7.61740000   0.02525000   0.00232900   0.00498300   0.00041520   0.00369700   0.00049390 
 -7.52240000   0.09463000  -0.11590000   0.01715000  -0.02197000   0.02196000  -0.02188000 
 -7.42740000   0.08646000  -0.05599000   0.01748000  -0.01094000   0.01820000  -0.01336000 
 -7.33240000   0.00253300  -0.03951000   0.00051040  -0.00803700   0.00053560  -0.00798100 
 -7.23640000  -0.00012000   0.00076070  -0.00002165   0.00015460  -0.00007154   0.00015420 
 -7.14140000  -0.00363100   0.00275800  -0.00087200   0.00054650  -0.00098600   0.00164000 
 -7.04640000   0.29350000  -0.13000000   0.05641000  -0.02574000   0.19600000  -0.07784000 
 -6.95140000   0.06891000  -0.19390000   0.01041000  -0.03909000   0.09353000  -0.11720000 
 -6.85640000   0.04640000  -0.05834000   0.00270900  -0.00438700   0.12740000  -0.12960000 
 -6.76040000   0.01656000  -0.03746000   0.00444800  -0.00422600   0.03282000  -0.08794000 
 -6.66540000   0.00531800  -0.00639000   0.00023210  -0.00142400   0.05378000  -0.02422000 
 -6.57040000   0.22060000  -0.04995000   0.04758000  -0.01246000   0.46730000  -0.09992000 
 -6.47540000   0.12910000  -0.22820000   0.02947000  -0.04984000   0.37140000  -0.46510000 
 -6.38040000   0.02841000  -0.08450000   0.00607400  -0.01751000   0.22600000  -0.32190000 
 -6.28440000   0.14360000  -0.04161000   0.04386000  -0.01085000   0.28270000  -0.23290000 
 -6.18940000   0.02650000  -0.15410000   0.00894100  -0.04772000   0.16490000  -0.28100000 
 -6.09440000   0.11780000  -0.00462100   0.03633000  -0.00205500   0.71690000  -0.13760000 
 -5.99940000   0.14820000  -0.16840000   0.05319000  -0.05517000   0.80680000  -0.72610000 
 -5.90440000   0.04187000  -0.09804000   0.01699000  -0.03493000   0.50920000  -0.73120000 
 -5.80840000   0.04294000  -0.04475000   0.01646000  -0.01894000   0.40210000  -0.48590000 
 -5.71340000   0.01292000  -0.04952000   0.01018000  -0.01888000   0.14410000  -0.44800000 
 -5.61840000   0.02222000  -0.01168000   0.01804000  -0.00957600   0.43490000  -0.16400000 
 -5.52340000   0.09924000  -0.02033000   0.05983000  -0.01561000   0.66150000  -0.34690000 
 -5.42840000   0.02615000  -0.11220000   0.03910000  -0.06560000   0.72950000  -0.69740000 
 -5.33240000   0.01951000  -0.01015000   0.03354000  -0.02594000   0.71710000  -0.51770000 
 -5.23740000  -0.00057220  -0.02841000  -0.00100500  -0.04864000  -0.02069000  -0.96550000 
 -5.14240000   0.00225800   0.00091020   0.00459300   0.00151300   0.13860000   0.00925900 
 -5.04740000   0.01349000  -0.00175100   0.04713000  -0.00412500   0.52600000  -0.12540000 
 -4.95240000   0.00820300  -0.01453000   0.04600000  -0.04266000   0.39450000  -0.44010000 
 -4.85640000   0.00382400  -0.00791900   0.04852000  -0.04261000   0.53120000  -0.38990000 
 -4.76140000   0.00101900  -0.00508700   0.03284000  -0.05883000   0.57130000  -0.56330000 
 -4.66640000   0.02274000   0.00002008   0.06778000  -0.01655000   0.87210000  -0.37160000 
 -4.57140000   0.01317000  -0.01876000   0.05895000  -0.07866000   0.60870000  -0.97230000 
 -4.47640000  -0.00030760  -0.01587000   0.00816400  -0.06662000   0.25670000  -0.73790000 
 -4.38040000   0.00388800   0.00046290   0.02108000  -0.00371700   0.32210000  -0.09500000 
 -4.28540000   0.01283000  -0.00187400   0.03744000  -0.02229000   0.61660000  -0.43380000 
 -4.19040000   0.00379300  -0.01362000   0.02792000  -0.03908000   0.82030000  -0.47380000 
 -4.09540000   0.00873800  -0.00226800   0.02317000  -0.02511000   0.28710000  -0.81020000 
 -4.00040000   0.00947500  -0.00954100   0.02547000  -0.02696000   0.60360000  -0.40960000 
 -3.90440000   0.03701000  -0.00742700   0.12210000  -0.02631000   1.29900000  -0.52950000 
 -3.80940000   0.01278000  -0.03449000   0.07329000  -0.12080000   0.54490000  -1.18700000 
 -3.71440000   0.01738000  -0.01687000   0.02787000  -0.07950000   0.43180000  -0.75880000 
 -3.61940000   0.03661000  -0.00986700   0.07636000  -0.02204000   0.92480000  -0.21770000 
 -3.52440000   0.02764000  -0.04149000   0.07489000  -0.07746000   1.16300000  -0.90250000 
 -3.42840000   0.02337000  -0.02338000   0.07162000  -0.08097000   0.58410000  -1.03700000 
 -3.33340000   0.00625900  -0.02695000   0.00806500  -0.07596000   0.84390000  -0.87310000 
 -3.23840000   0.01420000  -0.00005770   0.03657000   0.00091630   1.03500000  -0.38520000 
 -3.14340000   0.00132200  -0.01850000   0.04152000  -0.04295000   0.79170000  -1.17100000 
 -3.04840000   0.00105500  -0.00204000   0.03492000  -0.03516000   0.56430000  -0.98390000 
 -2.95240000   0.01485000  -0.00125800   0.05072000  -0.04703000   0.66370000  -0.57490000 
 -2.85740000   0.02726000  -0.01344000   0.05152000  -0.04789000   0.49570000  -0.68480000 
 -2.76240000   0.00914200  -0.02606000   0.01520000  -0.04849000   0.62930000  -0.45320000 
 -2.66740000   0.02028000  -0.00964200   0.09066000  -0.01520000   0.33960000  -0.50040000 
 -2.57240000   0.00977700  -0.02755000   0.07446000  -0.12450000   0.54010000  -0.77490000 
 -2.47640000   0.02229000  -0.00250100   0.07381000  -0.04615000   0.78260000  -0.16760000 
 -2.38140000  -0.00021840  -0.02315000   0.01672000  -0.07808000   0.29710000  -0.85360000 
 -2.28640000   0.00292800   0.00030800   0.01480000  -0.02063000   0.81940000  -0.41080000 
 -2.19140000   0.00484700  -0.00167200   0.01816000  -0.00548500   0.80970000  -0.44080000 
 -2.09640000   0.00012840  -0.00291400  -0.00036090  -0.02062000   0.03488000  -0.90320000 
 -2.00040000   0.00137900  -0.00355700   0.00393300  -0.00827800   0.34810000  -0.45700000 
 -1.90540000   0.00868300  -0.00015500   0.02486000  -0.00001162   1.09100000  -0.04449000 
 -1.81040000   0.01928000  -0.00202800   0.04372000  -0.01045000   0.72280000  -0.54480000 
 -1.71540000   0.00804700  -0.02173000   0.00929600  -0.05097000   0.40280000  -1.19100000 
 -1.62040000   0.00294800  -0.00823600   0.01247000  -0.01534000   0.81720000  -0.51280000 
 -1.52440000   0.00911200  -0.00569200   0.06441000  -0.00978100   0.90310000  -0.47930000 
 -1.42940000   0.01418000  -0.01155000   0.04004000  -0.07789000   0.37050000  -1.05400000 
 -1.33440000   0.00323500  -0.01148000   0.02793000  -0.02382000   0.57390000  -0.50600000 
 -1.23940000   0.00626900  -0.00764300   0.03172000  -0.05568000   0.44930000  -0.63850000 
 -1.14440000   0.00261000  -0.00269500   0.00880500  -0.01813000   0.15180000  -0.24740000 
 -1.04840000   0.00228500  -0.00315500   0.00693600  -0.01236000   0.40100000  -0.52640000 
 -0.95340000   0.00210900  -0.00188900   0.00856300  -0.00092110   0.68740000  -0.13040000 
 -0.85840000   0.00169300  -0.00190300   0.01610000  -0.01061000   0.45990000  -0.53880000 
 -0.76340000   0.01237000  -0.00160400   0.03267000  -0.01248000   1.10300000  -0.63180000 
 -0.66840000   0.00750900  -0.00517400   0.01689000  -0.01834000   0.60150000  -0.55270000 
 -0.57240000   0.00516400  -0.00982700   0.00782600  -0.03151000   0.33370000  -1.18600000 
 -0.47740000  -0.00012930  -0.01093000  -0.00011650  -0.01650000   0.08568000  -0.39670000 
 -0.38240000   0.01079000   0.00041100   0.01782000  -0.00058480   1.52800000  -0.23050000 
 -0.28740000   0.00691400  -0.00055430   0.01048000  -0.00127200   0.73740000  -0.32790000 
 -0.19240000   0.00456400  -0.01338000   0.00568500  -0.02080000   0.69870000  -1.46600000 
 -0.09640000   0.00275900  -0.00517600   0.00382200  -0.00769600   0.95430000  -0.63430000 
 -0.00140000   0.00063140  -0.00238500   0.00083500  -0.00562200   0.59920000  -0.87110000 
  0.09360000   0.00039670  -0.00297800   0.00651000  -0.00243100   1.36000000  -0.76980000 
  0.18860000   0.00433200  -0.00056910   0.00703300  -0.00239000   0.32100000  -0.88470000 
  0.28360000   0.00235500  -0.00006956   0.00387500  -0.00489600   0.07360000  -0.98050000 
  0.37960000  -0.00004271  -0.00625000  -0.00006933  -0.01039000   0.17120000  -0.40970000 
  0.47460000  -0.00121700   0.00004923  -0.00162900   0.00013720   0.13730000   0.01429000 
  0.56960000   0.04810000  -0.00148700   0.06419000  -0.00599600   0.45670000  -0.26550000 
  0.66460000   0.03922000  -0.01054000   0.04909000  -0.02400000   0.37940000  -0.12600000 
  0.75960000   0.00791900  -0.05796000   0.00457200  -0.07015000   0.08621000  -0.64190000 
  0.85560000  -0.00078870  -0.01783000  -0.00098260  -0.01228000  -0.00553400  -0.19920000 
  0.95060000   0.02013000  -0.00065230   0.02923000   0.00010700   0.11290000  -0.01007000 
  1.04560000   0.00055710  -0.01525000   0.01939000  -0.02301000   0.03550000  -0.09156000 
  1.14060000   0.00098390  -0.00421000   0.03245000  -0.02016000   0.05957000  -0.05276000 
  1.23560000  -0.00002504  -0.00094450  -0.00082040  -0.03427000  -0.00150600  -0.07094000 
  1.33160000  -0.00009637   0.00002823  -0.00024900   0.00097210  -0.00081770   0.00201700 
  1.42660000   0.00653000   0.00001026   0.01687000   0.00002723   0.05540000   0.00009472 
  1.52160000   0.02000000  -0.00018700   0.05166000  -0.00049360   0.16960000  -0.00172100 
  1.61660000  -0.00232000  -0.02501000  -0.00288500  -0.06602000  -0.01403000  -0.23020000 
  1.71160000   0.05048000   0.00110300   0.03810000   0.00241400   0.26060000   0.00896200 
  1.80760000   0.02582000  -0.01699000   0.02017000  -0.01883000   0.12180000  -0.09312000 
  1.90260000   0.00819300  -0.05231000   0.01590000  -0.04395000   0.03408000  -0.27120000 
  1.99760000   0.01727000  -0.00275000   0.01408000  -0.00100700   0.07266000  -0.01289000 
  2.09260000   0.02805000  -0.02560000   0.06198000  -0.02196000   0.11930000  -0.11340000 
  2.18760000   0.04086000  -0.01616000   0.05398000  -0.04924000   0.16930000  -0.07734000 
  2.28360000  -0.00119100  -0.04998000  -0.00150400  -0.06459000  -0.00492600  -0.21880000 
  2.37860000  -0.00000157   0.00165000  -0.00000965   0.00208600  -0.00001530   0.00721200 
  2.47360000  -0.00017720   0.00000507  -0.00122700   0.00001506  -0.00188200   0.00003283 
  2.56860000   0.00804400   0.00014320   0.05568000   0.00100100   0.08542000   0.00163100 
  2.66360000  -0.00105500  -0.00775100  -0.00220400  -0.05419000  -0.00461700  -0.08827000 
  2.75960000   0.03057000   0.00061000   0.04102000   0.00194000   0.10460000   0.00372900 
  2.85460000   0.06752000  -0.01695000   0.08306000  -0.03090000   0.19570000  -0.07237000 
  2.94960000   0.00122800  -0.07649000   0.00626800  -0.09153000   0.00733100  -0.23030000 
  3.04460000   0.00503100  -0.00257200   0.00258300  -0.00566500   0.01001000  -0.00992100 
  3.13960000   0.04022000   0.00044060   0.02003000   0.00032670   0.07988000   0.00100200 
  3.23560000   0.00608100  -0.04468000   0.04221000  -0.02568000   0.03510000  -0.09386000 
  3.33060000   0.06832000   0.00068920   0.06512000  -0.04124000   0.16340000  -0.02388000 
  3.42560000  -0.00209300  -0.07346000   0.00150400  -0.06093000  -0.00125000  -0.17730000 
  3.52060000   0.01191000   0.00119700   0.12230000  -0.01007000   0.15060000  -0.00980700 
  3.61560000  -0.00072600  -0.01016000  -0.00475200  -0.11220000  -0.00600100  -0.14340000 
  3.71160000   0.01487000   0.00072510   0.02388000   0.00461900   0.03663000   0.00608600 
  3.80660000   0.01506000  -0.01593000   0.02420000  -0.02606000   0.03711000  -0.04137000 
  3.90160000  -0.00260100  -0.01316000  -0.00127000  -0.02153000  -0.00270600  -0.03416000 
  3.99660000   0.06301000   0.00257100   0.02086000   0.00118600   0.05299000   0.00266900 
  4.09160000   0.00509900  -0.06473000   0.00483200  -0.02087000   0.00633000  -0.05554000 
  4.18760000   0.00701500  -0.00283300   0.05206000  -0.02246000   0.04677000  -0.01789000 
  4.28260000   0.12290000  -0.00664400   0.12540000  -0.03278000   0.20520000  -0.03543000 
  4.37760000   0.03399000  -0.13240000   0.01979000  -0.13310000   0.03440000  -0.22300000 
  4.47260000  -0.00059610  -0.02096000  -0.00037740  -0.01175000  -0.00064810  -0.02104000 
  4.56860000  -0.00000001   0.00032260  -0.00000001   0.00020700  -0.00000001   0.00036380 
  4.66360000  -0.00000000   0.00000000  -0.00000000   0.00000000  -0.00000000   0.00000000 
  4.75860000  -0.00000047   0.00000000  -0.00000028   0.00000000  -0.00000045   0.00000000 
  4.85360000  -0.00168000   0.00000113  -0.00095760   0.00000066  -0.00154300   0.00000110 
  4.94860000   0.05531000   0.00237100   0.03024000   0.00124600   0.04818000   0.00200400 
  5.04460000   0.04612000  -0.07488000   0.01595000  -0.03722000   0.02149000  -0.05886000 
  5.13960000  -0.00136100  -0.02525000  -0.00183800  -0.00884500  -0.00142200  -0.01226000 
  5.23460000  -0.00181600   0.00047960   0.03913000  -0.00219900   0.02349000  -0.00127500 
  5.32960000   0.15770000   0.00310700   0.07584000  -0.03987000   0.15690000  -0.02376000 
  5.42460000   0.02712000  -0.15510000   0.00905900  -0.07458000   0.02075000  -0.16100000 
  5.52060000   0.14880000  -0.02476000   0.05334000  -0.00812600   0.10670000  -0.01964000 
  5.61560000   0.07096000  -0.14670000   0.02619000  -0.06511000   0.04893000  -0.10420000 
  5.71060000   0.24490000  -0.08501000   0.03291000  -0.01314000   0.16890000  -0.05214000 
  5.80560000  -0.00801000  -0.22250000  -0.00383200  -0.02843000  -0.00719700  -0.16150000 
  5.90060000  -0.00001743  -0.00405800   0.07532000  -0.00095590   0.05137000  -0.00538200 
  5.99660000  -0.00000000   0.00011790   0.00979900  -0.08284000   0.00668600  -0.05859000 
  6.09160000  -0.00000000   0.00000000  -0.00013120   0.00272700  -0.00008948   0.00193200 
  6.18660000  -0.00000052   0.00000000  -0.00000027   0.00000654  -0.00000033   0.00000464 
  6.28160000  -0.00359700   0.00000649  -0.00211400   0.00000175  -0.00260100   0.00000185 
  6.37660000   0.12630000   0.00540200   0.07537000   0.00298300   0.09386000   0.00374000 
  6.47260000   0.07516000  -0.15940000   0.09950000  -0.08721000   0.08600000  -0.11260000 
  6.56760000   0.02314000  -0.06336000   0.06881000  -0.14270000   0.04464000  -0.10900000 
  6.66260000  -0.00222800  -0.00345900  -0.00231100  -0.01027000  -0.00220900  -0.00672100 
  6.75760000   0.06363000   0.00264800   0.03060000   0.00147000   0.04518000   0.00184200 
  6.85260000   0.15560000  -0.07944000   0.06570000  -0.03919000   0.12800000  -0.05496000 
  6.94860000   0.05583000  -0.14120000  -0.00179400  -0.05532000   0.00847700  -0.12130000 
  7.04360000  -0.00031820  -0.05600000  -0.00001829   0.00159200  -0.00007797  -0.00891600 
  7.13860000  -0.00108500   0.00103900  -0.00103700   0.00038660  -0.00038230   0.00042550 
  7.23360000   0.05269000   0.00421900   0.08908000  -0.01611000   0.03761000  -0.00915500 
  7.32860000   0.11650000  -0.11770000   0.05003000  -0.11970000   0.02464000  -0.04540000 
  7.42460000   0.15430000  -0.06731000   0.13590000  -0.00980700   0.11820000  -0.01721000 
  7.51960000   0.04914000  -0.14900000   0.04565000  -0.13580000   0.05345000  -0.12000000 
  7.61460000   0.00207800  -0.04463000   0.00176500  -0.03771000   0.00217900  -0.04877000 
  7.70960000  -0.00003623   0.00081920  -0.00252200   0.00097910  -0.00149800   0.00103900 
  7.80460000  -0.00000000   0.00001059   0.08802000  -0.01935000   0.05160000  -0.01163000 
  7.90060000  -0.00007452   0.00000000  -0.00025020  -0.06761000  -0.00016700  -0.04066000 
  7.99560000   0.00548100   0.00004846   0.00020200   0.00211800   0.00161300   0.00128600 
  8.09060000   0.05232000  -0.00313400   0.00219900  -0.00014130   0.01556000  -0.00093840 
  8.18560000  -0.00188200  -0.05438000  -0.00007921  -0.00246000  -0.00055970  -0.01629000 
  8.28060000  -0.00117700   0.00196300  -0.00080480   0.00008929  -0.00110900   0.00058840 
  8.37660000   0.04272000   0.00191000   0.02951000   0.00130300   0.04012000   0.00180500 
  8.47160000   0.06918000  -0.06216000   0.05098000  -0.04333000   0.05604000  -0.05870000 
  8.56660000   0.09200000  -0.08218000   0.05628000  -0.05886000   0.02059000  -0.04242000 
  8.66160000   0.09499000  -0.07902000   0.07497000  -0.05017000   0.03682000  -0.02879000 
  8.75660000   0.12540000  -0.16180000   0.10990000  -0.12960000   0.05100000  -0.05888000 
  8.85260000   0.08756000  -0.06320000   0.08202000  -0.05824000   0.07507000  -0.04076000 
  8.94760000  -0.00329600  -0.06305000   0.03032000  -0.06130000   0.00963400  -0.05496000 
  9.04260000  -0.00000344   0.00168400   0.01301000  -0.04276000   0.00480200  -0.01529000 
  9.13760000  -0.00088400   0.00000364   0.00386000   0.00239000   0.00248600   0.00116300 
  9.23260000   0.02633000   0.00097980   0.12580000  -0.03729000   0.09407000  -0.02605000 
  9.32860000   0.02493000  -0.03182000   0.02636000  -0.09961000   0.02627000  -0.07898000 
  9.42360000   0.02050000  -0.03249000   0.01930000  -0.03100000   0.02299000  -0.03316000 
  9.51860000   0.12900000  -0.01709000   0.15890000  -0.02639000   0.07663000  -0.01946000 
  9.61360000   0.02073000  -0.13040000   0.03363000  -0.15930000   0.03065000  -0.07795000 
  9.70860000   0.02840000  -0.01989000   0.02665000  -0.02210000   0.02397000  -0.03055000 
  9.80460000  -0.00092870  -0.01777000  -0.00084020  -0.01636000  -0.00069680  -0.01462000 
  9.89960000  -0.00068140   0.00043200  -0.00197800   0.00040630  -0.00193600   0.00034870 
  9.99460000   0.01970000  -0.00039580   0.05727000  -0.00110700   0.05606000  -0.00110900 
 10.08960000   0.00020490  -0.02023000   0.00159700  -0.05682000   0.00148200  -0.05690000 
 10.18460000   0.05736000  -0.00844400   0.04723000  -0.00788400   0.04985000  -0.00797100 
 10.28060000   0.00198900  -0.04789000   0.03818000  -0.05106000   0.00826400  -0.04333000 
 10.37560000   0.06551000  -0.00289000   0.07688000  -0.03290000   0.03270000  -0.00667700 
 10.47060000   0.15270000  -0.13810000   0.19950000  -0.15990000   0.10140000  -0.07657000 
 10.56560000   0.04949000  -0.09945000   0.07262000  -0.12670000   0.04356000  -0.07076000 
 10.66060000  -0.00139800  -0.02934000  -0.00003504  -0.05192000   0.00029220  -0.03330000 
 10.75660000  -0.00000742   0.00077320  -0.00209800   0.00178300  -0.00059290   0.00112300 
 10.85160000  -0.00000000   0.00000017   0.06688000  -0.01065000   0.01748000  -0.00271600 
 10.94660000  -0.00000000   0.00000000   0.14900000  -0.11830000   0.08695000  -0.04532000 
 11.04160000   0.00000000  -0.00000000   0.03104000  -0.09795000   0.00094990  -0.05859000 
 11.13660000  -0.00000001  -0.00000000   0.01440000  -0.03222000   0.00080320  -0.00023150 
 11.23260000  -0.00036940   0.00000129  -0.00122600   0.00161300  -0.00066490   0.00006155 
 11.32760000   0.01916000   0.00149200   0.08524000  -0.01128000   0.03380000   0.00265600 
 11.42260000   0.02426000  -0.04115000   0.07879000  -0.13630000   0.04220000  -0.07319000 
 11.51760000   0.01386000  -0.00265000   0.07968000  -0.02380000   0.04800000  -0.00894600 
 11.61260000   0.02506000  -0.03169000   0.09165000  -0.11650000   0.06651000  -0.08933000 
 11.70860000   0.01041000  -0.00772500   0.14330000  -0.11530000   0.06893000  -0.03090000 
 11.80360000   0.01523000  -0.01620000   0.07747000  -0.09431000   0.08676000  -0.09339000 
 11.89860000   0.05226000  -0.02527000   0.09628000  -0.08376000   0.04962000  -0.08349000 
 11.99360000   0.03547000  -0.06299000   0.06021000  -0.10850000   0.01019000  -0.02956000 
 12.08860000   0.05308000  -0.03229000   0.07465000  -0.04200000   0.03997000  -0.01442000 
 12.18460000   0.03747000  -0.06240000   0.05543000  -0.09267000   0.04141000  -0.06613000 
 12.27960000   0.02323000  -0.00728800   0.16260000  -0.03800000   0.09848000  -0.02180000 
 12.37460000   0.01140000  -0.03128000   0.12940000  -0.22780000   0.06649000  -0.13680000 
 12.46960000   0.02627000  -0.01800000   0.05128000  -0.06270000   0.02287000  -0.02834000 
 12.56460000   0.00220700  -0.00977800   0.04203000  -0.02045000   0.04904000  -0.00990800 
 12.66060000   0.00062750  -0.00376100   0.05712000  -0.05073000   0.04548000  -0.05939000 
 12.75560000   0.00022040   0.00015170   0.03581000  -0.07572000   0.02906000  -0.05553000 
 12.85060000   0.00195200  -0.00128900   0.04441000  -0.03017000   0.05724000  -0.03879000 
 12.94560000  -0.00007113  -0.00088510   0.05487000  -0.06202000   0.00472400  -0.03132000 
 13.04060000  -0.00002473   0.00003756   0.00350800  -0.02135000   0.00396000  -0.00129600 
 13.13660000   0.00924600   0.00025660   0.17270000  -0.04322000   0.09849000  -0.03579000 
 13.23160000   0.02285000  -0.02846000   0.24010000  -0.29740000   0.10600000  -0.14960000 
 13.32660000  -0.00067780  -0.00304800   0.02221000  -0.09968000   0.00413200  -0.03197000 
 13.42160000  -0.00051970   0.00006041   0.02941000   0.00734500   0.03109000   0.00475600 
 13.51660000   0.01980000  -0.00090810   0.24530000  -0.12750000   0.14400000  -0.11140000 
 13.61260000   0.01976000  -0.02709000   0.08293000  -0.22100000   0.03465000  -0.09336000 
 13.70760000   0.01156000  -0.01995000   0.02039000  -0.03098000   0.01471000  -0.02400000 
 13.80260000  -0.00027450   0.00030810  -0.00050670   0.00056820  -0.00035360   0.00039900 
 13.89760000  -0.00031590   0.00000877  -0.00169600   0.00003085  -0.00073460   0.00001572 
 13.99260000   0.01630000   0.00130100   0.08526000   0.00581700   0.03769000   0.00272400 
 14.08860000   0.04305000  -0.04310000   0.15930000  -0.20240000   0.06721000  -0.09228000 
 14.18360000   0.00462700  -0.02255000   0.05255000  -0.05770000   0.02897000  -0.01855000 
 14.27860000   0.00799700   0.00089660   0.06539000  -0.07388000   0.05050000  -0.04853000 
 14.37360000   0.00910400  -0.00452100   0.08219000  -0.07064000   0.06179000  -0.02506000 
 14.46860000   0.00561800  -0.00867200   0.10240000  -0.15560000   0.07221000  -0.11000000 
 14.56460000   0.00786200  -0.00601600   0.04389000  -0.04092000   0.04282000  -0.03954000 
 14.65960000   0.00538500  -0.00226400   0.02032000  -0.01247000   0.03556000  -0.01252000 
 14.75460000   0.00648300  -0.00358700   0.07145000  -0.02786000   0.06673000  -0.05487000 
 14.84960000   0.00388000  -0.00676900   0.03415000  -0.03408000   0.02959000  -0.03585000 
 14.94460000   0.00588500  -0.00940100   0.06232000  -0.09549000   0.05902000  -0.08954000 
 15.04060000   0.00570700  -0.00113600   0.06662000  -0.01394000   0.07520000  -0.01639000 
 15.13560000   0.00534800  -0.00726200   0.07503000  -0.09738000   0.09902000  -0.12340000 
 15.23060000   0.00014070  -0.00294300   0.00126700  -0.03253000   0.00393100  -0.04096000 
 15.32560000   0.00114000  -0.00004005   0.05918000  -0.01464000   0.02661000  -0.00588000 
 15.42060000   0.00026070  -0.00050080   0.01375000  -0.06043000   0.00537200  -0.02704000 
 15.51660000   0.00081610  -0.00028680   0.03561000  -0.01445000   0.03910000  -0.01806000 
 15.61160000   0.00020750  -0.00054080   0.00921900  -0.02454000   0.01069000  -0.02367000 
 15.70660000   0.00254800  -0.00043820   0.10940000  -0.02571000   0.07618000  -0.02704000 
 15.80160000   0.00059990  -0.00167300   0.07014000  -0.16080000   0.03342000  -0.08891000 
 15.89660000  -0.00001029   0.00006005  -0.00146600   0.00392300  -0.00065300   0.00252700 
 15.99260000   0.00000682  -0.00000963   0.00046520  -0.00026440   0.00025550  -0.00023950 
 16.08760000   0.00015540  -0.00021820   0.01060000  -0.00643600   0.00582200  -0.00557100 
 16.18260000  -0.00000554   0.00000778  -0.00037800   0.00022960  -0.00020750   0.00019870 
 16.27760000  -0.00000001   0.00000001  -0.00000051   0.00000031  -0.00000028   0.00000027 
 16.37260000  -0.00000000   0.00000000  -0.00000000   0.00000000  -0.00000000   0.00000000 
 16.46860000   0.00000000  -0.00000000   0.00000000  -0.00000000   0.00000000  -0.00000000 
 16.56360000   0.00000000  -0.00000000   0.00000000  -0.00000000   0.00000000  -0.00000000 
 16.65860000   0.00000000  -0.00000000   0.00000000  -0.00000000   0.00000000  -0.00000000 
 16.75360000   0.00000000  -0.00000000   0.00000000  -0.00000000   0.00000000  -0.00000000 
 16.84860000   0.00000000  -0.00000000   0.00000000  -0.00000000   0.00000000  -0.00000000 
 16.94460000   0.00000000  -0.00000000   0.00000000  -0.00000000   0.00000000  -0.00000000 
 17.03960000   0.00000000  -0.00000000   0.00000000  -0.00000000   0.00000000  -0.00000000 
 17.13460000   0.00000000  -0.00000000   0.00000000  -0.00000000   0.00000000  -0.00000000 
 17.22960000   0.00000000  -0.00000000   0.00000000  -0.00000000   0.00000000  -0.00000000 
 17.32460000   0.00000000  -0.00000000   0.00000000  -0.00000000   0.00000000  -0.00000000 
